# t V alpha gamma Q delta_T delta_e
0.00000000 6.00000000 0.10000000 0.00000000 0.00000000 6.00000000 0.00000000
0.06250000 6.30085136 0.15315325 -0.05483129 -0.05935924 6.10914675 0.00407399
0.12500000 6.62174203 0.18321711 -0.09133259 -0.14944409 6.21692979 0.00804872
0.18750000 6.95578410 0.19420374 -0.11492576 -0.25412738 6.32201433 0.01182735
0.25000000 7.30083782 0.19055131 -0.13050048 -0.35907212 6.42312270 0.01531781
0.31250000 7.65741572 0.17664640 -0.14208203 -0.45275672 6.51906125 0.01843506
0.37500000 8.02706566 0.15648967 -0.15269496 -0.52710415 6.60874523 0.02110315
0.43750000 8.41136466 0.13347451 -0.16436398 -0.57762388 6.69122114 0.02325708
0.50000000 8.81143265 0.11026196 -0.17820614 -0.60312734 6.76568595 0.02484436
0.56250000 9.22778699 0.08874172 -0.19458066 -0.60512511 6.83150285 0.02582632
0.62500000 9.66036566 0.07006938 -0.21327058 -0.58702165 6.88821301 0.02617904
0.68750000 10.10860169 0.05476643 -0.23367357 -0.55322729 6.93554327 0.02589392
0.75000000 10.57149299 0.04286361 -0.25498114 -0.50831124 6.97340940 0.02497791
0.81250000 11.04765765 0.03406321 -0.27632852 -0.45631227 7.00191503 0.02345332
0.87500000 11.53538473 0.02789568 -0.29690286 -0.40029483 7.02134621 0.02135731
0.93750000 12.03268979 0.02384903 -0.31600551 -0.34218874 7.03216174 0.01874095
1.00000000 12.53737536 0.02145802 -0.33307232 -0.28289136 7.03497953 0.01566796
1.06250000 13.04708817 0.02034949 -0.34766300 -0.22255744 7.03055938 0.01221324
1.12500000 13.55936512 0.02024973 -0.35943366 -0.16097166 7.01978257 0.00846095
1.18750000 14.07166434 0.02096606 -0.36810665 -0.09789884 7.00362871 0.00450251
1.25000000 14.58138460 0.02235689 -0.37344786 -0.03333580 6.98315060 0.00043437
1.31250000 15.08588064 0.02430246 -0.37525655 0.03236643 6.95944745 -0.00364435
1.37500000 15.58248295 0.02668423 -0.37336743 0.09849820 6.93363738 -0.00763428
1.43750000 16.06852808 0.02937503 -0.36766122 0.16406511 6.90682974 -0.01143820
1.50000000 16.54140227 0.03223869 -0.35807861 0.22789386 6.88009789 -0.01496344
1.56250000 16.99859700 0.03513504 -0.34463310 0.28873455 6.85445323 -0.01812410
1.62500000 17.43777261 0.03792701 -0.32741991 0.34534179 6.83082097 -0.02084318
1.68750000 17.85682466 0.04048687 -0.30661980 0.39653309 6.81001834 -0.02305443
1.75000000 18.25394780 0.04270079 -0.28249808 0.44123157 6.79273571 -0.02470397
1.81250000 18.62769211 0.04447170 -0.25539930 0.47850114 6.77952108 -0.02575161
1.87500000 18.97700795 0.04572081 -0.22573886 0.50757867 6.77076827 -0.02617183
1.93750000 19.30127572 0.04638852 -0.19399177 0.52790336 6.76670923 -0.02595439
2.00000000 19.60031820 0.04643485 -0.16067955 0.53914102 6.76741040 0.06216188
2.06250000 19.88334274 0.02036626 -0.13289447 -0.38296579 6.77277349 0.06362335
2.12500000 20.17626916 -0.01819821 -0.13059467 -0.70346056 6.78254039 0.06566087
2.18750000 20.48170353 -0.04277140 -0.15160961 -0.72147758 6.79630220 0.06822479
2.25000000 20.80138777 -0.05319463 -0.18490855 -0.66799669 6.81351217 0.07125266
2.31250000 21.13859260 -0.05664152 -0.22253378 -0.64418894 6.83350214 0.07467069
2.37500000 21.49468935 -0.05871919 -0.26148526 -0.66526850 6.85550205 0.07839561
2.43750000 21.86981542 -0.06176263 -0.30178960 -0.71480366 6.87866216 0.08233667
2.50000000 22.26404403 -0.06600698 -0.34442850 -0.77563784 6.90207722 0.08639783
2.56250000 22.67770941 -0.07097380 -0.39026230 -0.83873242 6.92481220 0.09048016
2.62500000 23.11129009 -0.07620599 -0.43977336 -0.90128449 6.94592869 0.09448419
2.68750000 23.56520770 -0.08144333 -0.49315998 -0.96285760 6.96451155 0.09831237
2.75000000 24.03966447 -0.08655774 -0.55046840 -1.02305047 6.97969492 0.10187141
2.81250000 24.53454180 -0.09146398 -0.61165898 -1.08086844 6.99068712 0.10507462
2.87500000 25.04934492 -0.09607607 -0.67661669 -1.13491072 6.99679368 0.10784394
2.93750000 25.58317219 -0.10030165 -0.74514127 -1.18367776 6.99743796 0.11011190
3.00000000 26.13469767 -0.10405032 -0.81693916 -1.22574831 6.99217886 0.11182324
3.06250000 26.70216678 -0.10724149 -0.89162326 -1.25984068 6.98072511 0.11293628
3.12500000 27.28341029 -0.10980844 -0.96871854 -1.28483341 6.96294589 0.11342388
3.18750000 27.87588099 -0.11170025 -1.04767134 -1.29978892 6.93887730 0.11327417
3.25000000 28.47671425 -0.11288290 -1.12786107 -1.30398745 6.90872474 0.11249080
3.31250000 29.08280997 -0.11334027 -1.20861428 -1.29696373 6.87286088 0.11109285
3.37500000 29.69093108 -0.11307480 -1.28922116 -1.27853893 6.83181953 0.10911439
3.43750000 30.29781153 -0.11210771 -1.36895409 -1.24884444 6.78628522 0.10660361
3.50000000 30.90026600 -0.11047861 -1.44708789 -1.20833596 6.73707903 0.10362170
3.56250000 31.49529306 -0.10824444 -1.52292114 -1.15779688 6.68514081 0.10024130
3.62500000 32.08016474 -0.10547796 -1.59579769 -1.09833009 6.63150828 0.09654477
3.68750000 32.65249689 -0.10226565 -1.66512774 -1.03133795 6.57729347 0.09262218
3.75000000 33.21029716 -0.09870522 -1.73040761 -0.95849054 6.52365715 0.08856911
3.81250000 33.75198991 -0.09490285 -1.79123740 -0.88168329 6.47178175 0.08448429
3.87500000 34.27641899 -0.09097013 -1.84733595 -0.80298554 6.42284350 0.08046727
3.93750000 34.78283117 -0.08702103 -1.89855246 -0.72458193 6.37798444 0.07661590
4.00000000 35.27084324 -0.08316875 -1.94487423 -0.64870872 6.33828497 0.07302402
4.06250000 35.74039590 -0.07952280 -1.98643040 -0.57758764 6.30473762 0.06977916
4.12500000 36.19169704 -0.07618616 -2.02349142 -0.51335924 6.27822271 0.06696036
4.18750000 36.62515620 -0.07325276 -2.05646415 -0.45801837 6.25948636 0.06463631
4.25000000 37.04131171 -0.07080519 -2.08588302 -0.41335350 6.24912161 0.06286363
4.31250000 37.44075126 -0.06891279 -2.11239724 -0.38089200 6.24755291 0.06168551
4.37500000 37.82402720 -0.06763011 -2.13675451 -0.36185268 6.25502445 0.06113066
4.43750000 38.19156783 -0.06699564 -2.15978187 -0.35710682 6.27159266 0.06121259
4.50000000 38.54358684 -0.06703109 -2.18236399 -0.36714834 6.29712299 0.06192931
4.56250000 38.87999384 -0.06774090 -2.20541959 -0.39207370 6.33129110 0.06326335
4.62500000 39.20030951 -0.06911229 -2.22987657 -0.43157150 6.37358848 0.06518222
4.68750000 39.50359029 -0.07111562 -2.25664649 -0.48492199 6.42333228 0.06763916
4.75000000 39.78836769 -0.07370517 -2.28659892 -0.55100624 6.47967922 0.07057430
4.81250000 40.05260842 -0.07682027 -2.32053632 -0.62832539 6.54164321 0.07391614
4.87500000 40.29370181 -0.08038685 -2.35917010 -0.71503001 6.60811628 0.07758325
4.93750000 40.50848078 -0.08431921 -2.40309845 -0.80895992 6.67789233 0.08148629
5.00000000 40.69328237 -0.08852221 -2.45278661 -0.90769517 6.74969311 -0.08900277
5.06250000 40.67698999 0.04277493 -2.45413654 5.09191725 6.82219586 -0.08491659
5.12500000 40.53404358 0.12092905 -2.25147743 3.38713129 6.89406196 -0.08088767
5.18750000 40.40594829 0.08131059 -2.02502916 2.70767293 6.96396586 -0.07701417
5.25000000 40.50678112 0.07364993 -1.84312303 2.92847951 7.03062365 -0.07339046
5.31250000 40.64270314 0.07660292 -1.66520771 2.84301163 7.09282057 -0.07010482
5.37500000 40.78461517 0.07343343 -1.48885115 2.70364325 7.14943686 -0.06723732
5.43750000 40.93241238 0.07047471 -1.31940835 2.63412350 7.19947129 -0.06485783
5.50000000 41.06373436 0.06894058 -1.15523302 2.57490588 7.24206182 -0.06302430
5.56250000 41.15978466 0.06773744 -0.99486860 2.52149830 7.27650296 -0.06178142
5.62500000 41.20728977 0.06698365 -0.83776637 2.48438473 7.30225935 -0.06115947
5.68750000 41.19435520 0.06685928 -0.68310511 2.46218138 7.31897535 -0.06117360
5.75000000 41.11081735 0.06733166 -0.52996845 2.45339021 7.32648033 -0.06182347
5.81250000 40.94860692 0.06838574 -0.37751331 2.45771397 7.32478959 -0.06309324
5.87500000 40.70154691 0.07001028 -0.22494036 2.47398805 7.31410094 -0.06495198
5.93750000 40.36537818 0.07216638 -0.07151231 2.50050725 7.29478702 -0.06735440
6.00000000 39.93792718 0.07479738 0.08341146 2.53532609 7.26738346 -0.07024197
6.06250000 39.41930288 0.07783248 0.24035561 2.57625050 7.23257346 -0.07354432
6.12500000 38.81212472 0.08118662 0.39971508 2.62093521 7.19116878 -0.07718101
6.18750000 38.12174298 0.08476273 0.56174659 2.66702143 7.14408805 -0.08106343
6.25000000 37.35639347 0.08845472 0.72656787 2.71226061 7.09233257 -0.08509698
6.31250000 36.52723438 0.09215068 0.89416478 2.75463021 7.03696047 -0.08918339
6.37500000 35.64822219 0.09573673 1.06440497 2.79243246 6.97905968 -0.09322309
6.43750000 34.73579988 0.09910139 1.23705690 2.82436351 6.91972052 -0.09711766
6.50000000 33.80839440 0.10214067 1.41181180 2.84954551 6.86000849 -0.10077222
6.56250000 32.88574579 0.10476344 1.58830619 2.86751844 6.80093795 -0.10409771
6.62500000 31.98811272 0.10689703 1.76614253 2.87819306 6.74344738 -0.10701312
6.68750000 31.13541392 0.10849230 1.94490602 2.88177161 6.68837676 -0.10944742
6.75000000 30.34637047 0.10952741 2.12417664 2.87864710 6.63644766 -0.11134128
6.81250000 29.63771016 0.11000931 2.30353637 2.86929571 6.58824651 -0.11264858
6.87500000 29.02348554 0.10997208 2.48257287 2.85417773 6.54421148 -0.11333746
6.93750000 28.51454401 0.10947144 2.66088091 2.83366170 6.50462323 -0.11339113
7.00000000 28.11817519 0.10857598 2.83806347 2.80798306 6.46959980 0.06172463
7.06250000 27.89516159 0.02243783 2.98441554 -0.45845762 6.43909576 0.06292979
7.12500000 27.89348847 -0.06533171 3.02660683 -0.76032520 6.41290555 0.06472789
7.18750000 27.89131911 -0.08814724 3.01217773 -0.39681073 6.39067105 0.06707513
7.25000000 27.87059761 -0.08512547 2.98994882 -0.23550732 6.37189305 0.06991432
7.31250000 27.84030331 -0.08236786 2.97165498 -0.26656937 6.35594645 0.07317629
7.37500000 27.79955705 -0.08415086 2.95393059 -0.34798134 6.34209867 0.07678155
7.43750000 27.74508574 -0.08801946 2.93325292 -0.42297281 6.32953092 0.08064228
7.50000000 27.67389811 -0.09223949 2.90848435 -0.48975618 6.31736179 0.08466440
7.56250000 27.58354669 -0.09642292 2.87955098 -0.55521840 6.30467240 0.08874992
7.62500000 27.47179155 -0.10060928 2.84651467 -0.62107141 6.29053278 0.09279929
7.68750000 27.33648243 -0.10479796 2.80940832 -0.68557040 6.27402848 0.09671386
7.75000000 27.17567270 -0.10890451 2.76831496 -0.74641862 6.25428704 0.10039825
7.81250000 26.98777739 -0.11281812 2.72342342 -0.80172186 6.23050341 0.10376269
7.87500000 26.77169267 -0.11643398 2.67503376 -0.84996681 6.20196386 0.10672521
7.93750000 26.52687223 -0.11965947 2.62354313 -0.88990034 6.16806766 0.10921363
8.00000000 26.25336851 -0.12241343 2.56942937 -0.92051303 6.12834604 -0.06336561
8.06250000 25.97994580 -0.04752405 2.53871442 1.95559569 6.08247796 -0.06199425
8.12500000 25.73059227 0.03557691 2.59603914 2.32665688 6.03030214 -0.06123864
8.18750000 25.46648917 0.06191626 2.70612283 2.00428362 5.97182532 -0.06111718
8.25000000 25.25339011 0.05956090 2.82605912 1.77863368 5.90722615 -0.06163283
8.31250000 25.11903850 0.05333510 2.94140542 1.72888190 5.83685498 -0.06277303
8.37500000 25.05858729 0.05084857 3.05283248 1.75957207 5.76122923 -0.06451000
8.43750000 25.06369270 0.05160622 3.16369479 1.80721923 5.68102460 -0.06680142
8.50000000 25.12950227 0.05393885 3.27604852 1.85499598 5.59706225 -0.06959145
8.56250000 25.25320870 0.05701487 3.39075114 1.90500875 5.51029229 -0.07281213
8.62500000 25.43208580 0.06065725 3.50823080 1.96089090 5.42177391 -0.07638498
8.68750000 25.66255368 0.06487253 3.62887714 2.02346067 5.33265260 -0.08022295
8.75000000 25.93991935 0.06963113 3.75310101 2.09161456 5.24413517 -0.08423253
8.81250000 26.25831188 0.07483964 3.88128408 2.16364203 5.15746290 -0.08831603
8.87500000 26.61061335 0.08037015 4.01373147 2.23776660 5.07388364 -0.09237396
8.93750000 26.98838171 0.08608361 4.15064679 2.31218158 4.99462358 -0.09630745
9.00000000 27.38182050 0.09183897 4.29211893 2.38497026 4.92085909 -0.01275420
9.06250000 27.81263207 0.05598610 4.42406934 0.87188651 4.85368967 -0.01615666
9.12500000 28.34207443 0.01767276 4.51029291 0.76744994 4.79411238 -0.01916547
9.18750000 28.89926446 0.01086705 4.57267505 1.01781294 4.74299849 -0.02170733
9.25000000 29.44670616 0.01698952 4.63563151 1.17060830 4.70107295 -0.02372030
9.31250000 29.97460030 0.02261740 4.70517387 1.21900864 4.66889701 -0.02515534
9.37500000 30.48271070 0.02557119 4.77917606 1.23650435 4.64685467 -0.02597748
9.43750000 30.97122756 0.02715833 4.85539703 1.25024152 4.63514302 -0.02616670
9.50000000 31.43872480 0.02812445 4.93282129 1.25709529 4.63376694 -0.02571838
9.56250000 31.88332800 0.02849270 5.01081856 1.25152798 4.64253811 -0.02464344
9.62500000 32.30354849 0.02816281 5.08866507 1.23233921 4.66107851 -0.02296809
9.68750000 32.69840790 0.02712191 5.16554596 1.20028091 4.68882820 -0.02073313
9.75000000 33.06738420 0.02541357 5.24064884 1.15630403 4.72505731 -0.01799301
9.81250000 33.41039888 0.02309762 5.31320865 1.10143981 4.76888190 -0.01481451
9.87500000 33.72781675 0.02024352 5.38252502 1.03700433 4.81928332 -0.01127506
9.93750000 34.02041819 0.01693288 5.44797865 0.96462453 4.87513063 -0.00746090
10.00000000 34.28934325 0.01325873 5.50904907 0.88616895 4.93520552 -0.00346496
10.06250000 34.53601930 0.00932269 5.56533004 0.80367914 4.99822919 0.00061540
10.12500000 34.76208135 0.00523199 5.61654126 0.71931115 5.06289051 0.00468077
10.18750000 34.96929078 0.00109663 5.66253613 0.63527679 5.12787473 0.00863209
10.25000000 35.15945711 -0.00297336 5.70330596 0.55378367 5.19189230 0.01237310
10.31250000 35.33436549 -0.00687073 5.73898025 0.47697667 5.25370673 0.01581265
10.37500000 35.49571075 -0.01049356 5.76982352 0.40688248 5.31216126 0.01886692
10.43750000 35.64503737 -0.01374771 5.79622841 0.34535820 5.36620333 0.02146152
10.50000000 35.78368402 -0.01654900 5.81870569 0.29404463 5.41490658 0.02353322
10.56250000 35.91273103 -0.01882508 5.83787110 0.25432500 5.45748964 0.02503154
10.62500000 36.03295002 -0.02051707 5.85442972 0.22728989 5.49333141 0.02591999
10.68750000 36.14475545 -0.02158082 5.86915789 0.21370857 5.52198246 0.02617691
10.75000000 36.24815931 -0.02198788 5.88288339 0.21400758 5.54317217 0.02579604
10.81250000 36.34273111 -0.02172606 5.89646415 0.22825649 5.55681172 0.02478667
10.87500000 36.42756635 -0.02079970 5.91076602 0.25616139 5.56299257 0.02317339
10.93750000 36.50126717 -0.01922950 5.92664001 0.29706623 5.56198069 0.02099550
11.00000000 36.56193943 -0.01705210 5.94489962 0.34996243 5.55420669 0.01830606
11.06250000 36.60721028 -0.01431912 5.96629863 0.41350692 5.54025202 0.01517061
11.12500000 36.63427004 -0.01109604 5.99151002 0.48604934 5.52083160 0.01166554
11.18750000 36.63994147 -0.00746058 6.02110647 0.56566849 5.49677351 0.00787624
11.25000000 36.62077812 -0.00350088 6.05554324 0.65021857 5.46899593 0.00389504
11.31250000 36.57319179 0.00068663 6.09514387 0.73738506 5.43848222 -0.00018106
11.37500000 36.49360646 0.00499960 6.14008937 0.82474969 5.40625453 -0.00425275
11.43750000 36.37863346 0.00933230 6.19041165 0.90986330 5.37334680 -0.00822082
11.50000000 36.22525893 0.01357821 6.24599144 0.99032427 5.34077762 -0.01198860
11.56250000 36.03103182 0.01763272 6.30656121 1.06385945 5.30952372 -0.01546428
11.62500000 35.79423794 0.02139576 6.37171316 1.12840367 5.28049484 -0.01856318
11.68750000 35.51404442 0.02477432 6.44091216 1.18217304 5.25451039 -0.02120980
11.75000000 35.19059955 0.02768481 6.51351317 1.22372765 5.23227864 -0.02333966
11.81250000 34.82507579 0.03005516 6.58878244 1.25201933 5.21437891 -0.02490086
11.87500000 34.41964859 0.03182665 6.66592149 1.26642131 5.20124714 -0.02585536
11.93750000 33.97741015 0.03295536 6.74409278 1.26673816 5.19316530 -0.02617991
12.00000000 33.50222423 0.03341325 6.82244570 1.25319595 5.19025479 0.06139986
12.06250000 33.02525361 -0.01992538 6.87951093 -0.90744190 5.19247406 0.06234339
12.12500000 32.60814424 -0.06377085 6.86491022 -0.81983766 5.19962048 0.06389416
12.18750000 32.21066899 -0.06556296 6.82331850 -0.56937560 5.21133640 0.06601438
12.25000000 31.84499073 -0.06181684 6.78420724 -0.57306649 5.22711927 0.06865239
12.31250000 31.50867300 -0.06281801 6.74664932 -0.65367132 5.24633557 0.07174393
12.37500000 31.20011743 -0.06597613 6.70628522 -0.72546395 5.26823812 0.07521367
12.43750000 30.92048643 -0.06938916 6.66187279 -0.79087510 5.29198648 0.07897706
12.50000000 30.67172111 -0.07288698 6.61333929 -0.85969625 5.31666978 0.08294242
12.56250000 30.45574356 -0.07660178 6.56057408 -0.93248767 5.34133156 0.08701314
12.62500000 30.27444737 -0.08051388 6.50339746 -1.00664853 5.36499582 0.09109002
12.68750000 30.12975654 -0.08452327 6.44170687 -1.07996192 5.38669385 0.09507375
12.75000000 30.02357513 -0.08852781 6.37551824 -1.15076126 5.40549091 0.09886726
12.81250000 29.95768349 -0.09243653 6.30495631 -1.21754171 5.42051237 0.10237812
12.87500000 29.93362680 -0.09616423 6.23024328 -1.27884871 5.43096842 0.10552079
12.93750000 29.95260511 -0.09962937 6.15169246 -1.33331456 5.43617685 0.10821871
13.00000000 30.01536677 -0.10275520 6.06970244 -1.37970046 5.43558330 0.11040614
13.06250000 30.12211141 -0.10547143 5.98474983 -1.41691969 5.42877846 0.11202978
13.12500000 30.27241149 -0.10771563 5.89738042 -1.44405416 5.41551179 0.11305008
13.18750000 30.46516141 -0.10943457 5.80819927 -1.46037157 5.39570140 0.11344217
13.25000000 30.69856084 -0.11058558 5.71785983 -1.46534392 5.36943975 0.11319651
13.31250000 30.97013604 -0.11113808 5.62705186 -1.45866596 5.33699522 0.11231908
13.37500000 31.27679910 -0.11107501 5.53648843 -1.44027248 5.29880922 0.11083126
13.43750000 31.61494156 -0.11039422 5.44689159 -1.41035326 5.25548908 0.10876929
13.50000000 31.98055540 -0.10910941 5.35897710 -1.36936420 5.20779685 0.10618342
13.56250000 32.36937179 -0.10725063 5.27343809 -1.31803337 5.15663410 0.10313664
13.62500000 32.77700725 -0.10486422 5.19092813 -1.25736035 5.10302332 0.09970320
13.68750000 33.19910643 -0.10201204 5.11204389 -1.18860790 5.04808620 0.09596675
13.75000000 33.63147254 -0.09877002 5.03730816 -1.11328489 4.99301925 0.09201832
13.81250000 34.07017839 -0.09522618 4.96715355 -1.03312017 4.93906750 0.08795411
13.87500000 34.51165368 -0.09147807 4.90190779 -0.95002750 4.88749678 0.08387315
13.93750000 34.95274676 -0.08762987 4.84178107 -0.86606192 4.83956527 0.07987486
14.00000000 35.39076087 -0.08378934 4.78685622 -0.78336887 4.79649504 0.07605667
14.06250000 35.82346677 -0.08006460 4.73708207 -0.70412754 4.75944418 0.07251159
14.12500000 36.24909391 -0.07656098 4.69227053 -0.63049033 4.72948023 0.06932601
14.18750000 36.66630280 -0.07337810 4.65209756 -0.56452083 4.70755561 0.06657754
14.25000000 37.07414084 -0.07060709 4.61610823 -0.50813239 4.69448550 0.06433315
14.31250000 37.47198366 -0.06832818 4.58372562 -0.46302985 4.69092881 0.06264751
14.37500000 37.85946385 -0.06660864 4.55426361 -0.43065632 4.69737272 0.06156169
14.43750000 38.23638862 -0.06550108 4.52694294 -0.41214696 4.71412097 0.06110216
14.50000000 38.60264836 -0.06504219 4.50091033 -0.40829111 4.74128646 0.06128011
14.56250000 38.95811843 -0.06525189 4.47525994 -0.41950375 4.77878814 0.06209120
14.62500000 39.30255688 -0.06613288 4.44905669 -0.44580666 4.82635231 0.06351567
14.68750000 39.63550166 -0.06767069 4.42136083 -0.48681960 4.88351834 0.06551882
14.75000000 39.95617164 -0.06983404 4.39125310 -0.54176123 4.94964866 0.06805183
14.81250000 40.26337652 -0.07257567 4.35785984 -0.60945968 5.02394272 0.07105300
14.87500000 40.55544143 -0.07583356 4.32037764 -0.68837244 5.10545470 0.07444920
14.93750000 40.83015292 -0.07953246 4.27809664 -0.77661582 5.19311446 0.07815769
15.00000000 41.08473325 -0.08358573 4.23042221 -0.87200382 5.28575124 -0.09244482
15.06250000 41.11479640 0.04949603 4.23173872 5.24778484 5.38211958 -0.08838824
15.12500000 40.97003965 0.12775468 4.44137651 3.42617378 5.48092683 -0.08430432
15.18750000 40.79770850 0.08575212 4.67262585 2.75557850 5.58086153 -0.08029258
15.25000000 40.82445891 0.07917290 4.85699031 2.99332766 5.68062213 -0.07645075
15.31250000 40.84277759 0.08226649 5.03802722 2.87899558 5.77894518 -0.07287244
15.37500000 40.83053280 0.07845576 5.21664969 2.72068082 5.87463247 -0.06964483
15.43750000 40.79406874 0.07506104 5.38708523 2.63548645 5.96657645 -0.06684656
15.50000000 40.71556654 0.07301892 5.55120231 2.55594656 6.05378321 -0.06454582
15.56250000 40.58253745 0.07117204 5.71032255 2.48117334 6.13539267 -0.06279864
15.62500000 40.38842629 0.06971511 5.86488474 2.42220536 6.21069539 -0.06164761
15.68750000 40.12803479 0.06884010 6.01567016 2.37758896 6.27914557 -0.06112077
15.75000000 39.79788534 0.06852721 6.16356512 2.34628140 6.34037012 -0.06123096
15.81250000 39.39639930 0.06877770 6.30940632 2.32835914 6.39417342 -0.06197549
15.87500000 38.92356078 0.06959460 6.45401218 2.32309161 6.44053773 -0.06333621
15.93750000 38.38081487 0.07095413 6.59816509 2.32924991 6.47961938 -0.06527998
16.00000000 37.77109371 0.07281381 6.74257983 2.34536571 6.51174062 -0.06775945
16.06250000 37.09887209 0.07511601 6.88788486 2.36973432 6.53737762 -0.07071418
16.12500000 36.37025058 0.07778823 7.03460848 2.40048525 6.55714472 -0.07407221
16.18750000 35.59303955 0.08074515 7.18316926 2.43568617 6.57177541 -0.07775170
16.25000000 34.77680529 0.08389155 7.33387223 2.47343921 6.58210062 -0.08166302
16.31250000 33.93284498 0.08712575 7.48691070 2.51196913 6.58902464 -0.08571086
16.37500000 33.07406408 0.09034365 7.64237308 2.54969902 6.59349956 -0.08979661
16.43750000 32.21473946 0.09344338 7.80025333 2.58530551 6.59649862 -0.09382071
16.50000000 31.37016457 0.09633060 7.96046369 2.61774782 6.59898930 -0.09768511
16.56250000 30.55618679 0.09892390 8.12284809 2.64626803 6.60190673 -0.10129568
16.62500000 29.78865936 0.10116007 8.28719470 2.67036309 6.60612816 -0.10456442
16.68750000 29.08284033 0.10299827 8.45324670 2.68973303 6.61244906 -0.10741172
16.75000000 28.45277622 0.10442240 8.62071087 2.70421331 6.62156145 -0.10976818
16.81250000 27.91071041 0.10544055 8.78926422 2.71370202 6.63403505 -0.11157641
16.87500000 27.46655504 0.10608107 8.95855962 2.71809434 6.65030167 -0.11279234
16.93750000 27.12746178 0.10638517 9.12823095 2.71723555 6.67064325 -0.11338634
17.00000000 26.89752094 0.10639714 9.29789869 2.71090167 6.69518385 0.06118898
17.06250000 26.82923535 0.02602292 9.44038125 -0.33055315 6.72388577 0.06186673
17.12500000 26.96565832 -0.06026676 9.48723269 -0.70352414 6.75654992 0.06316334
17.18750000 27.10952916 -0.08619966 9.47804306 -0.37984368 6.79282039 0.06504721
17.25000000 27.23651440 -0.08446880 9.45868938 -0.19985687 6.83219322 0.06747243
17.31250000 27.35519920 -0.08102346 9.44271007 -0.20892109 6.87402898 0.07037992
17.37500000 27.46574571 -0.08183049 9.42794512 -0.28264529 6.91756901 0.07369885
17.43750000 27.56528780 -0.08510236 9.41080758 -0.35761315 6.96195485 0.07734834
17.50000000 27.65071448 -0.08901214 9.38978879 -0.42607260 7.00625034 0.08123949
17.56250000 27.71922549 -0.09300680 9.36458428 -0.49405293 7.04946596 0.08527747
17.62500000 27.76812708 -0.09707894 9.33513287 -0.56408396 7.09058464 0.08936392
17.68750000 27.79468617 -0.10123823 9.30135802 -0.63487061 7.12858861 0.09339926
17.75000000 27.79620972 -0.10541058 9.26322156 -0.70407444 7.16248641 0.09728518
17.81250000 27.77021083 -0.10948458 9.22078996 -0.76957303 7.19133953 0.10092700
17.87500000 27.71456331 -0.11334907 9.17425174 -0.82957196 7.21428798 0.10423599
17.93750000 27.62762551 -0.11690299 9.12390984 -0.88249200 7.23057412 0.10713153
18.00000000 27.50833675 -0.12005533 9.07016875 -0.92694743 7.23956417 -0.06498986
18.06250000 27.38663071 -0.04032812 9.04186903 2.17387568 7.24076690 -0.06312108
18.12500000 27.28662060 0.04321700 9.11021527 2.46384960 7.23384896 -0.06184059
18.18750000 27.17223259 0.06438346 9.23173625 2.07607442 7.21864646 -0.06117959
18.25000000 27.12444710 0.05899423 9.35923806 1.85865556 7.19517258 -0.06115418
18.31250000 27.16516726 0.05288527 9.48019012 1.83301241 7.16362088 -0.06176498
18.37500000 27.28232186 0.05145920 9.59735252 1.87237440 7.12436433 -0.06299711
18.43750000 27.46420462 0.05284204 9.71453404 1.91697572 7.07794996 -0.06482054
18.50000000 27.70395242 0.05528191 9.83348852 1.96091288 7.02508930 -0.06719086
18.56250000 27.99634294 0.05828232 9.95486564 2.01112364 6.96664482 -0.07005031
18.62500000 28.33553821 0.06186850 10.07914874 2.07100058 6.90361261 -0.07332923
18.68750000 28.71444564 0.06606974 10.20689938 2.13999616 6.83710180 -0.07694771
18.75000000 29.12470000 0.07081868 10.33869126 2.21626022 6.76831116 -0.08081761
18.81250000 29.55667133 0.07599798 10.47502543 2.29784904 6.69850333 -0.08484463
18.87500000 29.99941593 0.08147897 10.61629060 2.38277753 6.62897753 -0.08893065
18.93750000 30.44066413 0.08713140 10.76274554 2.46883954 6.56104108 -0.09297613
19.00000000 30.86692874 0.09282328 10.91450380 2.55355342 6.49598069 -0.00961603
19.06250000 31.31009435 0.04978869 11.05363666 0.72030805 6.43503401 -0.01328811
19.12500000 31.86529032 0.01122812 11.13515272 0.77537208 6.37936223 -0.01663643
19.18750000 32.43219338 0.01111180 11.19429162 1.10689652 6.33002430 -0.01957941
19.25000000 32.96791391 0.01956228 11.25989142 1.23387026 6.28795346 -0.02204535
19.31250000 33.46529680 0.02430509 11.33376918 1.26707478 6.25393655 -0.02397417
19.37500000 33.92635740 0.02666195 11.41180972 1.29874957 6.22859669 -0.02531887
19.43750000 34.35051457 0.02849105 11.49230393 1.33046098 6.21237967 -0.02604669
19.50000000 34.73555171 0.02989417 11.57474558 1.34888623 6.20554439 -0.02613990
19.56250000 35.07988888 0.03061635 11.65844313 1.35114811 6.20815761 -0.02559622
19.62500000 35.38288819 0.03059987 11.74247469 1.33837561 6.22009305 -0.02442891
19.68750000 35.64462817 0.02987662 11.82589492 1.31124761 6.24103495 -0.02266640
19.75000000 35.86585532 0.02848087 11.90779419 1.27030544 6.27048598 -0.02035164
19.81250000 36.04798732 0.02645342 11.98730487 1.21655877 6.30777924 -0.01754102
19.87500000 36.19305311 0.02385196 12.06362047 1.15145677 6.35209410 -0.01430302
19.93750000 36.30358494 0.02074973 12.13602027 1.07675337 6.40247558 -0.01071654
20.00000000 36.38249085 0.01723187 12.20388941 0.99443965 6.45785661 -0.00686896
20.06250000 36.43292064 0.01339310 12.26673437 0.90668824 6.51708285 -0.00285402
20.12500000 36.45813515 0.00933525 12.32419448 0.81578755 6.57893931 0.00123046
20.18750000 36.46138802 0.00516467 12.37604958 0.72407467 6.64217820 0.00528496
20.25000000 36.44582606 0.00098942 12.42222372 0.63387234 6.70554732 0.00921070
20.31250000 36.41440973 -0.00308338 12.46278488 0.54743026 6.76781835 0.01291202
20.37500000 36.36985267 -0.00695015 12.49794117 0.46687122 6.82781432 0.01629874
20.43750000 36.31457624 -0.01051336 12.52803355 0.39414230 6.88443560 0.01928836
20.50000000 36.25067435 -0.01368375 12.55352555 0.33097177 6.93668384 0.02180803
20.56250000 36.17988390 -0.01638236 12.57499020 0.27883184 6.98368323 0.02379635
20.62500000 36.10355701 -0.01854227 12.59309458 0.23890761 7.02469866 0.02520490
20.68750000 36.02263326 -0.02011010 12.60858234 0.21207226 7.05915027 0.02599933
20.75000000 35.93761173 -0.02104711 12.62225461 0.19886902 7.08662411 0.02616032
20.81250000 35.84852496 -0.02133006 12.63494973 0.19949962 7.10687866 0.02568391
20.87500000 35.75491797 -0.02095163 12.64752210 0.21381966 7.11984705 0.02458174
20.93750000 35.65583701 -0.01992064 12.66082075 0.24134084 7.12563501 0.02288064
21.00000000 35.54983274 -0.01826174 12.67566790 0.28124009 7.12451451 0.02062207
21.06250000 35.43498266 -0.01601494 12.69283803 0.33237594 7.11691339 0.01786106
21.12500000 35.30893678 -0.01323465 12.71303792 0.39331249 7.10340114 0.01466487
21.18750000 35.16898938 -0.00998849 12.73688811 0.46235112 7.08467135 0.01111138
21.25000000 35.01217806 -0.00635570 12.76490632 0.53757049 7.06152109 0.00728717
21.31250000 34.83540910 -0.00242534 12.79749335 0.61687488 7.03482788 0.00328541
21.37500000 34.63560582 0.00170582 12.83492200 0.69805048 7.00552479 -0.00079640
21.43750000 34.40987370 0.00593560 12.87732958 0.77882897 6.97457432 -0.00485880
21.50000000 34.15567348 0.01015891 12.92471433 0.85695651 6.94294167 -0.00880282
21.56250000 33.87099084 0.01427027 12.97693629 0.93026583 6.91156811 -0.01253237
21.62500000 33.55448956 0.01816644 13.03372259 0.99674805 6.88134507 -0.01595657
21.68750000 33.20563462 0.02174902 13.09467720 1.05462041 6.85308971 -0.01899200
21.75000000 32.82477282 0.02492687 13.15929483 1.10238580 6.82752247 -0.02156470
21.81250000 32.41316109 0.02761845 13.22697839 1.13888033 6.80524712 -0.02361199
21.87500000 31.97293747 0.02975386 13.29705913 1.16330585 6.78673405 -0.02508398
21.93750000 31.50703490 0.03127663 13.36881867 1.17524546 6.77230692 -0.02594482
22.00000000 31.01904414 0.03214512 13.44151167 1.17466171 6.76213319 0.06109293
22.06250000 30.53596248 -0.01573304 13.49643052 -0.71853553 6.75621878 0.06150193
22.12500000 30.10167315 -0.05924683 13.48993768 -0.75269499 6.75440686 0.06253866
22.18750000 29.68067293 -0.06541553 13.45586947 -0.52831506 6.75638096 0.06417788
22.25000000 29.28144298 -0.06204985 13.42121054 -0.48381490 6.76167225 0.06637963
22.31250000 28.90435605 -0.06140804 13.38863297 -0.53572691 6.76967076 0.06909028
22.37500000 28.54802360 -0.06341344 13.35481696 -0.60020007 6.77964048 0.07224378
22.43750000 28.21279753 -0.06629443 13.31790969 -0.66060718 6.79073768 0.07576330
22.50000000 27.90001030 -0.06940098 13.27741133 -0.72173657 6.80203229 0.07956309
22.56250000 27.61130709 -0.07269447 13.23314756 -0.78643164 6.81253153 0.08355057
22.62500000 27.34846444 -0.07619110 13.18493909 -0.85386093 6.82120554 0.08762858
22.68750000 27.11340551 -0.07983645 13.13262951 -0.92211495 6.82701404 0.09169777
22.75000000 26.90821104 -0.08353997 13.07614358 -0.98942696 6.82893361 0.09565899
22.81250000 26.73508411 -0.08720826 13.01550501 -1.05429018 6.82598483 0.09941574
22.87500000 26.59628306 -0.09075477 12.95083299 -1.11534243 6.81725856 0.10287647
22.93750000 26.49403705 -0.09409981 12.88233498 -1.17131457 6.80194078 0.10595688
23.00000000 26.43044942 -0.09717013 12.81030015 -1.22103758 6.77933540 0.10858190
23.06250000 26.40739274 -0.09989924 12.73509289 -1.26346318 6.74888430 0.11068759
23.12500000 26.42640075 -0.10222827 12.65714534 -1.29768060 6.71018432 0.11222263
23.18750000 26.48856486 -0.10410656 12.57694904 -1.32292906 6.66300063 0.11314963
23.25000000 26.59444338 -0.10549219 12.49504562 -1.33860923 6.60727614 0.11344600
23.31250000 26.74399140 -0.10635251 12.41201681 -1.34429543 6.54313673 0.11310452
23.37500000 26.93651777 -0.10666479 12.32847380 -1.33974855 6.47089221 0.11213351
23.43750000 27.17067317 -0.10641709 12.24504589 -1.32492925 6.39103286 0.11055664
23.50000000 27.44447075 -0.10560926 12.16236859 -1.30001014 6.30422165 0.10841230
23.56250000 27.75533789 -0.10425394 12.08107096 -1.26538572 6.21128235 0.10575277
23.62500000 28.10019497 -0.10237741 12.00176232 -1.22167862 6.11318376 0.10264282
23.68750000 28.47555544 -0.10002011 11.92501845 -1.16974083 6.01102042 0.09915824
23.75000000 28.87763978 -0.09723660 11.85136735 -1.11064900 5.90599028 0.09538392
23.81250000 29.30249599 -0.09409490 11.78127497 -1.04569281 5.79936976 0.09141183
23.87500000 29.74611960 -0.09067514 11.71513132 -0.97635620 5.69248695 0.08733873
23.93750000 30.20456698 -0.08706762 11.65323741 -0.90429109 5.58669342 0.08326387
24.00000000 30.67405718 -0.08337024 11.59579357 -0.83128394 5.48333538 0.07928654
24.06250000 31.15105900 -0.07968566 11.54288984 -0.75921540 5.38372487 0.07550363
24.12500000 31.63236081 -0.07611815 11.49449878 -0.69001404 5.28911166 0.07200732
24.18750000 32.11512213 -0.07277040 11.45047135 -0.62560534 5.20065646 0.06888278
24.25000000 32.59690610 -0.06974036 11.41053615 -0.56785743 5.11940624 0.06620616
24.31250000 33.07569292 -0.06711835 11.37430220 -0.51852576 5.04627203 0.06404265
24.37500000 33.54987418 -0.06498439 11.34126545 -0.47919857 4.98200988 0.06244499
24.43750000 34.01822861 -0.06340594 11.31081883 -0.45124566 4.92720533 0.06145208
24.50000000 34.47987979 -0.06243603 11.28226575 -0.43577220 4.88226190 0.06108812
24.56250000 34.93423694 -0.06211183 11.25483652 -0.43357969 4.84739364 0.06136199
24.62500000 35.38092047 -0.06245370 11.22770742 -0.44513515 4.82262211 0.06226700
24.68750000 35.81967441 -0.06346471 11.20002165 -0.47054953 4.80777777 0.06378112
24.75000000 36.25026875 -0.06513058 11.17091181 -0.50956574 4.80250576 0.06586743
24.81250000 36.67239530 -0.06742016 11.13952315 -0.56155617 4.80627584 0.06847513
24.87500000 37.08556151 -0.07028620 11.10503700 -0.62552956 4.81839639 0.07154066
24.93750000 37.48898729 -0.07366666 11.06669386 -0.70014667 4.83803204 0.07498935
25.00000000 37.88151063 -0.07748622 11.02381553 -0.78374456 4.86422441 -0.09579577
25.06250000 38.15400749 0.04330027 11.02611716 4.49746081 4.89591566 -0.09184015
25.12500000 38.20305095 0.12343400 11.20579362 3.43443360 4.93197409 -0.08777309
25.18750000 38.09536466 0.09910683 11.41964050 2.69835851 4.97122131 -0.08369369
25.25000000 38.06928572 0.08692627 11.59999728 2.73992419 5.01246013 -0.07970134
25.31250000 38.01647845 0.08675773 11.76983891 2.69156459 5.05450279 -0.07589331
25.37500000 37.90190665 0.08434331 11.93612253 2.55891726 5.09619852 -0.07236238
25.43750000 37.72988033 0.08074432 12.09588340 2.45061633 5.13646005 -0.06919458
25.50000000 37.49852612 0.07776780 12.24890080 2.36108307 5.17428822 -0.06646709
25.56250000 37.20455884 0.07527858 12.39613131 2.27918600 5.20879424 -0.06424636
25.62500000 36.84767580 0.07315380 12.53824145 2.20765702 5.23921903 -0.06258651
25.68750000 36.42928933 0.07148980 12.67586435 2.14874042 5.26494916 -0.06152797
25.75000000 35.95169736 0.07035408 12.80973764 2.10262287 5.28552903 -0.06109653
25.81250000 35.41796345 0.06976973 12.94064026 2.06916343 5.30066900 -0.06130271
25.87500000 34.83182521 0.06974387 13.06935075 2.04802464 5.31024940 -0.06214148
25.93750000 34.19761663 0.07026852 13.19662832 2.03850368 5.31432008 -0.06359241
26.00000000 33.52026165 0.07131770 13.32319306 2.03956386 5.31309586 -0.06562014
26.06250000 32.80532090 0.07284801 13.44970665 2.04991392 5.30694775 -0.06817527
26.12500000 32.05906337 0.07480032 13.57675687 2.06807865 5.29639028 -0.07119555
26.18750000 31.28854152 0.07710173 13.70484664 2.09247142 5.28206532 -0.07460739
26.25000000 30.50164897 0.07966800 13.83438738 2.12147008 5.26472267 -0.07832765
26.31250000 29.70714101 0.08240667 13.96569663 2.15349041 5.24519806 -0.08226571
26.37500000 28.91460133 0.08522084 14.09899946 2.18705125 5.22438899 -0.08632561
26.43750000 28.13434340 0.08801352 14.23443300 2.22082638 5.20322916 -0.09040843
26.50000000 27.37724129 0.09069262 14.37205308 2.25367912 5.18266197 -0.09441470
26.56250000 26.65449112 0.09317615 14.51184203 2.28467677 5.16361388 -0.09824680
26.62500000 25.97731163 0.09539733 14.65371663 2.31308449 5.14696832 -0.10181138
26.68750000 25.35659770 0.09730900 14.79753563 2.33834010 5.13354065 -0.10502158
26.75000000 24.80254545 0.09888645 14.94310654 2.36001417 5.12405496 -0.10779918
26.81250000 24.32427094 0.10012787 15.09019183 2.37776206 5.11912324 -0.11007652
26.87500000 23.92944583 0.10105183 15.23851505 2.39127603 5.11922743 -0.11179810
26.93750000 23.62397450 0.10169133 15.38776743 2.40024611 5.12470480 -0.11292198
27.00000000 23.41173522 0.10208528 15.53761523 2.40433750 5.13573707 0.06111214
27.06250000 23.32885882 0.03637906 15.66813623 -0.02279604 5.15234353 0.06125058
27.12500000 23.40612188 -0.04576625 15.72650756 -0.54949066 5.17437834 0.06202287
27.18750000 23.50966974 -0.08268653 15.73281035 -0.37647117 5.20153208 0.06341022
27.25000000 23.60156488 -0.08873096 15.72173136 -0.17569608 5.23333755 0.06537880
27.31250000 23.68619260 -0.08575995 15.71012622 -0.11096552 5.26917966 0.06788067
27.37500000 23.76661642 -0.08410470 15.70067425 -0.13939906 5.30830921 0.07085486
27.43750000 23.84221633 -0.08542788 15.69118118 -0.19963879 5.34986018 0.07422891
27.50000000 23.91093784 -0.08853897 15.67950688 -0.26282548 5.39287018 0.07792061
27.56250000 23.97035695 -0.09233056 15.66460426 -0.32359390 5.43630353 0.08184002
27.62500000 24.01804597 -0.09633278 15.64611849 -0.38383238 5.47907639 0.08589164
27.68750000 24.05159295 -0.10043409 15.62393467 -0.44481729 5.52008333 0.08997676
27.75000000 24.06856990 -0.10460129 15.59799554 -0.50593047 5.55822482 0.09399584
27.81250000 24.06657429 -0.10877291 15.56828946 -0.56555780 5.59243469 0.09785097
27.87500000 24.04332958 -0.11285539 15.53488129 -0.62191302 5.62170723 0.10144821
27.93750000 23.99680032 -0.11674411 15.49793191 -0.67336772 5.64512296 0.10469992
28.00000000 23.92529572 -0.12033805 15.45770015 -0.71850756 5.66187260 -0.06700605
28.06250000 23.85111052 -0.05562135 15.43527574 1.75827656 5.67127869 -0.06467273
28.12500000 23.80313544 0.02425458 15.48585311 2.22978204 5.67281410 -0.06288990
28.18750000 23.75467176 0.05683383 15.58675716 1.99838669 5.66611724 -0.06170098
28.25000000 23.75159595 0.05896731 15.70163947 1.76047853 5.65100337 -0.06113495
28.31250000 23.82160890 0.05313319 15.81399326 1.66676352 5.62747184 -0.06120561
28.37500000 23.96276036 0.04929616 15.92175164 1.66704136 5.59570909 -0.06191122
28.43750000 24.16545967 0.04883191 16.02744514 1.70032439 5.55608711 -0.06323459
28.50000000 24.42174806 0.05049121 16.13342006 1.73992287 5.50915773 -0.06514349
28.56250000 24.72577620 0.05321196 16.24095302 1.78224643 5.45564247 -0.06759141
28.62500000 25.07235774 0.05658465 16.35070642 1.83041556 5.39641855 -0.07051869
28.68750000 25.45591224 0.06053972 16.46318467 1.88654982 5.33250107 -0.07385402
28.75000000 25.87002658 0.06506188 16.57890105 1.95058988 5.26502196 -0.07751615
28.81250000 26.30733474 0.07008901 16.69836803 2.02124859 5.19520612 -0.08141583
28.87500000 26.75947784 0.07551530 16.82204433 2.09681853 5.12434536 -0.08545806
28.93750000 27.21707317 0.08121562 16.95029441 2.17543239 5.05377065 -0.08954435
29.00000000 27.66971684 0.08705981 17.08336451 2.25504832 4.98482350 -0.00630868
29.06250000 28.13942753 0.05079400 17.20698812 0.72287674 4.91882695 -0.01018576
29.12500000 28.69058736 0.01271415 17.28432244 0.63927199 4.85705700 -0.01381467
29.18750000 29.25754949 0.00692262 17.33839505 0.90936305 4.80071512 -0.01710700
29.25000000 29.80612063 0.01388939 17.39422690 1.07475572 4.75090245 -0.01998252
29.31250000 30.32680378 0.02016597 17.45766999 1.13737074 4.70859634 -0.02237119
29.37500000 30.81895705 0.02386176 17.52651204 1.17333785 4.67462975 -0.02421479
29.43750000 31.28244531 0.02636230 17.59863627 1.20762196 4.64967402 -0.02546841
29.50000000 31.71569196 0.02834408 17.67316387 1.23532628 4.63422538 -0.02610150
29.56250000 32.11681316 0.02976624 17.74952556 1.25040867 4.62859557 -0.02609865
29.62500000 32.48441525 0.03049770 17.82700464 1.25141844 4.63290673 -0.02545992
29.68750000 32.81771064 0.03050284 17.90476440 1.23867305 4.64709062 -0.02420088
29.75000000 33.11647395 0.02979874 17.98194458 1.21261839 4.67089232 -0.02235219
29.81250000 33.38103934 0.02841750 18.05770348 1.17383362 4.70387822 -0.01995890
29.87500000 33.61230152 0.02640294 18.13123622 1.12325223 4.74544802 -0.01707933
29.93750000 33.81168038 0.02381394 18.20179426 1.06217750 4.79485058 -0.01378363
